iterations: 17
start: 6 10
final: 4.84572196433609 8.98653358423348
