iterations: 97
start: 0 0
final: 4.99845782627843 9.00288540795520
