iterations: 105
start: 6 10
final: 4.98658868290646 8.99844751552479
