iterations: 141
start: 6 10
final: -968.377452993898 9.09846712657939
