iterations: 13
start: 6 10
final: 4.61229501573537 8.96677833462406
