iterations: 108
start: 6 10
final: 4.94000784297282 8.96567027691109
