iterations: 17
start: 6 10
final: 3.93792459182412 8.73625602100227
