iterations: 302
start: 6 10
final: 3.43194262592691 8.89874563788650
