iterations: 302
start: 6 10
final: 4.99987681152128 8.96664566114013
