iterations: 64
start: 6 10
final: 4.61462894325380 9.29657581290484
