iterations: 116
start: 6 10
final: 5.09434805905785 8.95667203112099
