iterations: 135
start: 6 10
final: 5.15680255298430 9.00338634116011
