iterations: 30
start: 6 10
final: 5.01169680142682 8.99542291110245
