iterations: 63
start: 6 10
final: 5.15037720081616 8.99324160927050
