iterations: 92
start: [4 8]
final: [4.96812165152723 9.12620301732339]
