iterations: 29
start: 6 10
final: 5.00535756734638 8.99211631752733
