iterations: 47
start: 6 10
final: 5.62913726000778 8.67700427044413
