iterations: 117
start: 4 8
final: 4.99087992959014 8.99931382124301
