iterations: 48
start: [4 8]
final: [4.99821811486694 9.00092617677261]
