iterations: 908
start: 0 0
final: 9.00106948420208 0.761007520288763
