iterations: 59
start: 6 10
final: 4.58403726765863 9.35113568973701
