iterations: 91
start: 4 8
final: 5.02973245556119 9.12705939515206
