iterations: 28
start: 6 10
final: 5.00404140201173 8.83574902529914
