iterations: 107
start: 6 10
final: 5.00697609100819 8.99774354773942
