iterations: 26
start: 6 10
final: -60.2651168223195 8.87082391752620
