iterations: 135
start: 4 8
final: 4.99582277134904 8.99820443481013
