iterations: 105
start: 6 10
final: 4.98487438910081 8.99844751552479
