iterations: 16
start: 4 8
final: 5.68217058202141 9.49485770453146
