iterations: 59
start: 6 10
final: 5.43820330388948 9.09804174989810
