iterations: 11
start: 6 10
final: 4.21901867805647 8.93726971963898
