iterations: 108
start: 6 10
final: 4.25032954726980 8.96567027691109
