iterations: 108
start: 6 10
final: 4.83846688418678 8.96567027691109
