iterations: 872
start: 0 0
final: 4.99931879604954 9.12732775485217
