iterations: 35
start: 4 8
final: 4.99466030234821 8.99472224064283
