iterations: 92
start: 0 0
final: 6.26272084211215 9.84714305143113
