iterations: 108
start: 6 10
final: 5.02792211852797 9.00053955159527
