iterations: 17
start: 6 10
final: 4.49470709689073 8.73625602100227
