iterations: 159
start: 6 10
final: 4.66987732086602 8.91810642334430
