iterations: 107
start: 6 10
final: 4.98041848371462 8.99866235712638
