iterations: 5
start: 4 8
final: 5.31439827863626 9.03125000000000
