iterations: 12
start: 6 10
final: 5.12522057145272 8.99970912933350
