iterations: 63
start: 6 10
final: 2.50714453470658 10.3412048617132
