iterations: 421
start: [4 8]
final: [4.91468435785503 9.00000000000000]
