iterations: 19
start: 6 10
final: 5.36375052741181 9.00150150063187
