iterations: 69
start: 6 10
final: -3.99183470767069 12.4842646447262
