iterations: 13
start: 6 10
final: 4.93350694179535 8.93333315849304
