iterations: 96
start: 6 10
final: 5.03007817262718 8.99528348573365
