iterations: 4
start: 4 8
final: 4.77337709240320 8.02000000000000
