iterations: 9
start: 6 10
final: 4.66671752929688 11.1764526367188
