iterations: 3
start: 0 0
final: -3658162.50000000 4.50000000000000
