iterations: 79
start: 6 10
final: 4.98694444444443 8.96000000000000
