iterations: 64
start: 6 10
final: 4.20667614875350 9.19685193773805
