iterations: 9
start: 0 0
final: -2.25929804525402E+1111 13.7053409400000
