iterations: 42
start: 6 10
final: 4.91647356408666 9.00000000000094
