iterations: 3
start: 6 10
final: 15963.0000000000 365.000000000000
