iterations: 25
start: 0 0
final: -6.21188046445079E+49135942386 8.99860295660957
