iterations: 88
start: 4 8
final: 4.81807623052183 8.99999999999999
