iterations: 301
start: 6 10
final: 4.00000000000000 12.3529411764706
