iterations: 66
start: 6 10
final: -1.49112461105398 8.61746546277515
