iterations: 14
start: [4 8]
final: [5.63774341678823 8.50076092559620]
