iterations: 3
start: 6 10
final: 15955.2000000000 352.000000000000
