iterations: 42
start: 6 10
final: 5.25261838989056 9.11508430039778
