iterations: 10
start: 6 10
final: 4.66677474975586 7.33333587646484
