iterations: 3
start: 0 0
final: -3658065.00000000 16.2000000000000
