iterations: 21
start: 6 10
final: 4.93342013888887 8.80000000000109
