iterations: 66
start: 6 10
final: 1.00662304319126 11.1523015285592
