iterations: 3
start: 6 10
final: 1530.89162783620 11.9391835632704
