iterations: 7
start: 6 10
final: 3.41936101185191 7.51974972007346
