iterations: 3
start: 0 0
final: -2666.19892626206 17.8845300202361
