iterations: 301
start: 6 10
final: -9053368387.00984 9.00000000000000
