iterations: 126
start: 4 8
final: 4.99580492667993 9.00001372704813
