iterations: 3
start: 6 10
final: 4202.88065194028 50.0823255582198
