iterations: 3
start: 6 10
final: 5.78454327795599 9.00000000000000
