iterations: 102
start: 6 10
final: 4.99811929465245 8.99802892554012
