iterations: 24
start: 6 10
final: 5.00292468678626 9.83822533779130
