iterations: 3
start: [4 8]
final: [5.19747024453678 9.68377723390411]
