iterations: 3
start: 0 0
final: 17.8845300202361 147.970498489976
