iterations: 177
start: 4 8
final: 4.96078639185017 9.00000000000000
