iterations: 772
start: 0 0
final: 7.39043992383142 8.99616623475855
