iterations: 733
start: 0 0
final: 7.65838410940434 8.99945642295863
