iterations: 108
start: 4 8
final: 4.99105682616369 9.13873267808557
