iterations: 175
start: 6 10
final: 4.99906119845033 9.00032444564019
