iterations: 6
start: 6 10
final: 4.95968050592596 8.91799692632186
