iterations: 21
start: 6 10
final: 4.99588180387475 9.33999030794199
