iterations: 3
start: 0 0
final: -7562.47735945167 17.6837727895377
