iterations: 301
start: 6 10
final: -6809952.08732551 9.00000000000000
