iterations: 3
start: [4 8]
final: [5.19907624845810 9.88453061282489]
