iterations: 127
start: 6 10
final: 3111.50260429314 9.00029206234810
