iterations: 262
start: 4 8
final: 4.99474973878262 9.00000000000000
