iterations: 90
start: 6 10
final: 5.08823607493490 9.00053486074838
