iterations: 3
start: 6 10
final: 5.58387220237038 9.00000000000000
