iterations: 9
start: 6 10
final: 4.95123504798204 8.79947155708487
