iterations: 11
start: 6 10
final: 4.92271638977993 8.59896649364120
