iterations: 109
start: 6 10
final: 5.18654840335964 9.00393603120091
