iterations: 79
start: 6 10
final: 4.96252476838462 9.00000000000000
