iterations: 155
start: 6 10
final: 4.96265619673581 9.00000000000000
