iterations: 93
start: 6 10
final: 4.99870336403987 8.99860282645843
