iterations: 12
start: 6 10
final: 4.42271638977993 8.19792632518632
