iterations: 7
start: 6 10
final: 3.91936101185191 8.75987486003673
